\rule{\linewidth}{1pt}
\begin{description}
\item [$k = 2$] : 13000000000, 1300000000, 130000000, 13000000, 1300000, 130000, 13000, 1300, 130, 13, 7, 14, 9, 18, 17, 15, 11, 3, 6, 12, 5, 10, 1, 2, 4, 8, 16, 13
\item [$k = 3$] : 13000000000, 1300000000, 130000000, 13000000, 1300000, 130000, 13000, 1300, 130, 13, 10, 1, 3, 9, 27, 23, 11, 4, 12, 7, 21, 5, 15, 16, 19, 28, 26, 20, 2, 6, 18, 25, 17, 22, 8, 24, 14, 13
\item [$k = 4$] : 13000000000, 1300000000, 130000000, 13000000, 1300000, 130000, 13000, 1300, 130, 13, 13
\item [$k = 6$] : 13000000000, 1300000000, 130000000, 13000000, 1300000, 130000, 13000, 1300, 130, 13, 19, 55, 35, 33, 21, 8, 48, 52, 17, 43, 22, 14, 25, 32, 15, 31, 9, 54, 29, 56, 41, 10, 1, 6, 36, 39, 57, 47, 46, 40, 4, 24, 26, 38, 51, 11, 7, 42, 16, 37, 45, 34, 27, 44, 28, 50, 5, 30, 3, 18, 49, 58, 53, 23, 20, 2, 12, 13
\item [$k = 7$] : 13000000000, 1300000000, 130000000, 13000000, 1300000, 130000, 13000, 1300, 130, 13, 22, 16, 43, 25, 37, 52, 19, 64, 34, 31, 10, 1, 7, 49, 67, 55, 40, 4, 28, 58, 61, 13
\item [$k = 8$] : 13000000000, 1300000000, 130000000, 13000000, 1300000, 130000, 13000, 1300, 130, 13, 25, 42, 20, 2, 16, 49, 76, 55, 45, 44, 36, 51, 13
\item [$k = 9$] : 13000000000, 1300000000, 130000000, 13000000, 1300000, 130000, 13000, 1300, 130, 13, 28, 74, 43, 31, 12, 19, 82, 26, 56, 59, 86, 62, 24, 38, 75, 52, 23, 29, 83, 35, 48, 76, 61, 15, 46, 58, 77, 70, 7, 63, 33, 30, 3, 27, 65, 51, 14, 37, 66, 60, 6, 54, 41, 13
\item [$k = 10$] : 13000000000, 1300000000, 130000000, 13000000, 1300000, 130000, 13000, 1300, 130, 13, 31, 13
\item [$k = 11$] : 13000000000, 1300000000, 130000000, 13000000, 1300000, 130000, 13000, 1300, 130, 13, 34, 47, 81, 19, 100, 10, 1, 11, 12, 23, 35, 58, 93, 42, 26, 68, 94, 53, 38, 91, 20, 2, 22, 24, 46, 70, 7, 77, 84, 52, 27, 79, 106, 76, 73, 40, 4, 44, 48, 92, 31, 14, 45, 59, 104, 54, 49, 103, 43, 37, 80, 8, 88, 96, 75, 62, 28, 90, 9, 99, 108, 98, 97, 86, 74, 51, 16, 67, 83, 41, 15, 56, 71, 18, 89, 107, 87, 85, 63, 39, 102, 32, 25, 57, 82, 30, 3, 33, 36, 69, 105, 65, 61, 17, 78, 95, 64, 50, 5, 55, 60, 6, 66, 72, 29, 101, 21, 13
\end{description}
\rule{\linewidth}{1pt}
\begin{description}
\item [$k = 2$] : 12999956788, 1299995694, 129999577, 12999971, 1299999, 130017, 13015, 1311, 133, 19, 19
\item [$k = 3$] : 12999956788, 1299995702, 129999576, 12999975, 1300012, 130007, 13021, 1305, 145, 29, 29
\item [$k = 4$] : 12999956788, 1299995710, 129999571, 12999961, 1300000, 130000, 13000, 1300, 130, 13, 13
\item [$k = 7$] : 12999956788, 1299995734, 129999601, 12999967, 1300045, 130039, 13066, 1348, 190, 19, 64, 34, 31, 10, 1, 7, 49, 67, 55, 40, 4, 28, 58, 61, 13, 22, 16, 43, 25, 37, 52, 19
\item [$k = 8$] : 12999956788, 1299995742, 129999590, 12999959, 1300067, 130062, 13022, 1318, 195, 59, 77, 63, 30, 3, 24, 34, 35, 43, 28, 66, 54, 37, 59
\item [$k = 11$] : 12999956788, 1299995766, 129999642, 12999986, 1300064, 130050, 13005, 1355, 190, 19, 100, 10, 1, 11, 12, 23, 35, 58, 93, 42, 26, 68, 94, 53, 38, 91, 20, 2, 22, 24, 46, 70, 7, 77, 84, 52, 27, 79, 106, 76, 73, 40, 4, 44, 48, 92, 31, 14, 45, 59, 104, 54, 49, 103, 43, 37, 80, 8, 88, 96, 75, 62, 28, 90, 9, 99, 108, 98, 97, 86, 74, 51, 16, 67, 83, 41, 15, 56, 71, 18, 89, 107, 87, 85, 63, 39, 102, 32, 25, 57, 82, 30, 3, 33, 36, 69, 105, 65, 61, 17, 78, 95, 64, 50, 5, 55, 60, 6, 66, 72, 29, 101, 21, 13, 34, 47, 81, 19
\end{description}
\rule{\linewidth}{1pt}
\begin{description}
\item [$k = 3$] : 12999167584, 1299916770, 129991677, 12999188, 1299942, 130000, 13000, 1300, 130, 13, 10, 1, 3, 9, 27, 23, 11, 4, 12, 7, 21, 5, 15, 16, 19, 28, 26, 20, 2, 6, 18, 25, 17, 22, 8, 24, 14, 13
\item [$k = 4$] : 12999167584, 1299916774, 129991693, 12999181, 1299922, 130000, 13000, 1300, 130, 13, 13
\item [$k = 6$] : 12999167584, 1299916782, 129991690, 12999169, 1299970, 129997, 13041, 1310, 131, 19, 55, 35, 33, 21, 8, 48, 52, 17, 43, 22, 14, 25, 32, 15, 31, 9, 54, 29, 56, 41, 10, 1, 6, 36, 39, 57, 47, 46, 40, 4, 24, 26, 38, 51, 11, 7, 42, 16, 37, 45, 34, 27, 44, 28, 50, 5, 30, 3, 18, 49, 58, 53, 23, 20, 2, 12, 13, 19
\item [$k = 7$] : 12999167584, 1299916786, 129991720, 12999172, 1299931, 130000, 13000, 1300, 130, 13, 22, 16, 43, 25, 37, 52, 19, 64, 34, 31, 10, 1, 7, 49, 67, 55, 40, 4, 28, 58, 61, 13
\item [$k = 8$] : 12999167584, 1299916790, 129991679, 12999239, 1299995, 130039, 13075, 1347, 190, 19, 73, 31, 11, 9, 72, 23, 26, 50, 5, 40, 4, 32, 19
\item [$k = 11$] : 12999167584, 1299916802, 129991702, 12999192, 1299941, 130005, 13055, 1360, 136, 79, 106, 76, 73, 40, 4, 44, 48, 92, 31, 14, 45, 59, 104, 54, 49, 103, 43, 37, 80, 8, 88, 96, 75, 62, 28, 90, 9, 99, 108, 98, 97, 86, 74, 51, 16, 67, 83, 41, 15, 56, 71, 18, 89, 107, 87, 85, 63, 39, 102, 32, 25, 57, 82, 30, 3, 33, 36, 69, 105, 65, 61, 17, 78, 95, 64, 50, 5, 55, 60, 6, 66, 72, 29, 101, 21, 13, 34, 47, 81, 19, 100, 10, 1, 11, 12, 23, 35, 58, 93, 42, 26, 68, 94, 53, 38, 91, 20, 2, 22, 24, 46, 70, 7, 77, 84, 52, 27, 79
\end{description}
\rule{\linewidth}{1pt}
\begin{description}
\item [$k = 3$] : 12998834836, 1299883501, 129988353, 12998844, 1299896, 130007, 13021, 1305, 145, 29, 29
\item [$k = 4$] : 12998834836, 1299883507, 129988378, 12998869, 1299922, 130000, 13000, 1300, 130, 13, 13
\item [$k = 6$] : 12998834836, 1299883519, 129988405, 12998870, 1299887, 130030, 13003, 1318, 179, 71, 13, 19, 55, 35, 33, 21, 8, 48, 52, 17, 43, 22, 14, 25, 32, 15, 31, 9, 54, 29, 56, 41, 10, 1, 6, 36, 39, 57, 47, 46, 40, 4, 24, 26, 38, 51, 11, 7, 42, 16, 37, 45, 34, 27, 44, 28, 50, 5, 30, 3, 18, 49, 58, 53, 23, 20, 2, 12, 13
\item [$k = 8$] : 12998834836, 1299883531, 129988361, 12998844, 1299916, 130039, 13075, 1347, 190, 19, 73, 31, 11, 9, 72, 23, 26, 50, 5, 40, 4, 32, 19
\item [$k = 9$] : 12998834836, 1299883537, 129988416, 12998895, 1299934, 130029, 13083, 1335, 178, 89, 89
\item [$k = 10$] : 12998834836, 1299883543, 129988384, 12998878, 1299967, 130066, 13066, 1366, 196, 79, 97, 79
\item [$k = 11$] : 12998834836, 1299883549, 129988453, 12998878, 1299975, 130052, 13027, 1379, 236, 89, 107, 87, 85, 63, 39, 102, 32, 25, 57, 82, 30, 3, 33, 36, 69, 105, 65, 61, 17, 78, 95, 64, 50, 5, 55, 60, 6, 66, 72, 29, 101, 21, 13, 34, 47, 81, 19, 100, 10, 1, 11, 12, 23, 35, 58, 93, 42, 26, 68, 94, 53, 38, 91, 20, 2, 22, 24, 46, 70, 7, 77, 84, 52, 27, 79, 106, 76, 73, 40, 4, 44, 48, 92, 31, 14, 45, 59, 104, 54, 49, 103, 43, 37, 80, 8, 88, 96, 75, 62, 28, 90, 9, 99, 108, 98, 97, 86, 74, 51, 16, 67, 83, 41, 15, 56, 71, 18, 89
\end{description}
\rule{\linewidth}{1pt}
\begin{description}
\item [$k = 3$] : 12998477440, 1299847744, 129984786, 12998496, 1299867, 130007, 13021, 1305, 145, 29, 29
\item [$k = 4$] : 12998477440, 1299847744, 129984790, 12998479, 1299883, 130000, 13000, 1300, 130, 13, 13
\item [$k = 8$] : 12998477440, 1299847744, 129984806, 12998528, 1299916, 130039, 13075, 1347, 190, 19, 73, 31, 11, 9, 72, 23, 26, 50, 5, 40, 4, 32, 19
\item [$k = 9$] : 12998477440, 1299847744, 129984810, 12998481, 1299857, 130048, 13076, 1361, 145, 59, 86, 62, 24, 38, 75, 52, 23, 29, 83, 35, 48, 76, 61, 15, 46, 58, 77, 70, 7, 63, 33, 30, 3, 27, 65, 51, 14, 37, 66, 60, 6, 54, 41, 13, 28, 74, 43, 31, 12, 19, 82, 26, 56, 59
\item [$k = 10$] : 12998477440, 1299847744, 129984814, 12998521, 1299862, 130006, 13060, 1306, 190, 19, 91, 19
\item [$k = 11$] : 12998477440, 1299847744, 129984818, 12998569, 1299955, 130050, 13005, 1355, 190, 19, 100, 10, 1, 11, 12, 23, 35, 58, 93, 42, 26, 68, 94, 53, 38, 91, 20, 2, 22, 24, 46, 70, 7, 77, 84, 52, 27, 79, 106, 76, 73, 40, 4, 44, 48, 92, 31, 14, 45, 59, 104, 54, 49, 103, 43, 37, 80, 8, 88, 96, 75, 62, 28, 90, 9, 99, 108, 98, 97, 86, 74, 51, 16, 67, 83, 41, 15, 56, 71, 18, 89, 107, 87, 85, 63, 39, 102, 32, 25, 57, 82, 30, 3, 33, 36, 69, 105, 65, 61, 17, 78, 95, 64, 50, 5, 55, 60, 6, 66, 72, 29, 101, 21, 13, 34, 47, 81, 19
\end{description}
\rule{\linewidth}{1pt}
\begin{description}
\item [$k = 2$] : 12998234704, 1299823478, 129982363, 12998242, 1299828, 129998, 13015, 1311, 133, 19, 19
\item [$k = 3$] : 12998234704, 1299823482, 129982354, 12998247, 1299845, 129999, 13026, 1320, 132, 19, 28, 26, 20, 2, 6, 18, 25, 17, 22, 8, 24, 14, 13, 10, 1, 3, 9, 27, 23, 11, 4, 12, 7, 21, 5, 15, 16, 19
\item [$k = 4$] : 12998234704, 1299823486, 129982372, 12998245, 1299844, 130000, 13000, 1300, 130, 13, 13
\item [$k = 7$] : 12998234704, 1299823498, 129982405, 12998275, 1299862, 130000, 13000, 1300, 130, 13, 22, 16, 43, 25, 37, 52, 19, 64, 34, 31, 10, 1, 7, 49, 67, 55, 40, 4, 28, 58, 61, 13
\item [$k = 8$] : 12998234704, 1299823502, 129982366, 12998284, 1299860, 129986, 13046, 1352, 151, 23, 26, 50, 5, 40, 4, 32, 19, 73, 31, 11, 9, 72, 23
\item [$k = 11$] : 12998234704, 1299823514, 129982395, 12998294, 1299873, 130020, 13002, 1322, 154, 59, 104, 54, 49, 103, 43, 37, 80, 8, 88, 96, 75, 62, 28, 90, 9, 99, 108, 98, 97, 86, 74, 51, 16, 67, 83, 41, 15, 56, 71, 18, 89, 107, 87, 85, 63, 39, 102, 32, 25, 57, 82, 30, 3, 33, 36, 69, 105, 65, 61, 17, 78, 95, 64, 50, 5, 55, 60, 6, 66, 72, 29, 101, 21, 13, 34, 47, 81, 19, 100, 10, 1, 11, 12, 23, 35, 58, 93, 42, 26, 68, 94, 53, 38, 91, 20, 2, 22, 24, 46, 70, 7, 77, 84, 52, 27, 79, 106, 76, 73, 40, 4, 44, 48, 92, 31, 14, 45, 59
\end{description}
\rule{\linewidth}{1pt}
\begin{description}
\item [$k = 3$] : 12997380604, 1299738072, 129973813, 12997390, 1299739, 130000, 13000, 1300, 130, 13, 10, 1, 3, 9, 27, 23, 11, 4, 12, 7, 21, 5, 15, 16, 19, 28, 26, 20, 2, 6, 18, 25, 17, 22, 8, 24, 14, 13
\item [$k = 4$] : 12997380604, 1299738076, 129973831, 12997387, 1299766, 130000, 13000, 1300, 130, 13, 13
\item [$k = 6$] : 12997380604, 1299738084, 129973832, 12997395, 1299769, 130030, 13003, 1318, 179, 71, 13, 19, 55, 35, 33, 21, 8, 48, 52, 17, 43, 22, 14, 25, 32, 15, 31, 9, 54, 29, 56, 41, 10, 1, 6, 36, 39, 57, 47, 46, 40, 4, 24, 26, 38, 51, 11, 7, 42, 16, 37, 45, 34, 27, 44, 28, 50, 5, 30, 3, 18, 49, 58, 53, 23, 20, 2, 12, 13
\item [$k = 7$] : 12997380604, 1299738088, 129973864, 12997414, 1299769, 130039, 13066, 1348, 190, 19, 64, 34, 31, 10, 1, 7, 49, 67, 55, 40, 4, 28, 58, 61, 13, 22, 16, 43, 25, 37, 52, 19
\item [$k = 8$] : 12997380604, 1299738092, 129973825, 12997422, 1299758, 130039, 13075, 1347, 190, 19, 73, 31, 11, 9, 72, 23, 26, 50, 5, 40, 4, 32, 19
\item [$k = 9$] : 12997380604, 1299738096, 129973863, 12997413, 1299768, 130048, 13076, 1361, 145, 59, 86, 62, 24, 38, 75, 52, 23, 29, 83, 35, 48, 76, 61, 15, 46, 58, 77, 70, 7, 63, 33, 30, 3, 27, 65, 51, 14, 37, 66, 60, 6, 54, 41, 13, 28, 74, 43, 31, 12, 19, 82, 26, 56, 59
\end{description}
\rule{\linewidth}{1pt}
\begin{description}
\item [$k = 3$] : 12997280140, 1299728014, 129972813, 12997290, 1299729, 129999, 13026, 1320, 132, 19, 28, 26, 20, 2, 6, 18, 25, 17, 22, 8, 24, 14, 13, 10, 1, 3, 9, 27, 23, 11, 4, 12, 7, 21, 5, 15, 16, 19
\item [$k = 4$] : 12997280140, 1299728014, 129972817, 12997309, 1299766, 130000, 13000, 1300, 130, 13, 13
\item [$k = 6$] : 12997280140, 1299728014, 129972825, 12997312, 1299743, 129992, 13011, 1307, 172, 29, 56, 41, 10, 1, 6, 36, 39, 57, 47, 46, 40, 4, 24, 26, 38, 51, 11, 7, 42, 16, 37, 45, 34, 27, 44, 28, 50, 5, 30, 3, 18, 49, 58, 53, 23, 20, 2, 12, 13, 19, 55, 35, 33, 21, 8, 48, 52, 17, 43, 22, 14, 25, 32, 15, 31, 9, 54, 29
\item [$k = 7$] : 12997280140, 1299728014, 129972829, 12997345, 1299769, 130039, 13066, 1348, 190, 19, 64, 34, 31, 10, 1, 7, 49, 67, 55, 40, 4, 28, 58, 61, 13, 22, 16, 43, 25, 37, 52, 19
\item [$k = 10$] : 12997280140, 1299728014, 129972841, 12997294, 1299769, 130066, 13066, 1366, 196, 79, 97, 79
\item [$k = 11$] : 12997280140, 1299728014, 129972845, 12997339, 1299832, 130005, 13055, 1360, 136, 79, 106, 76, 73, 40, 4, 44, 48, 92, 31, 14, 45, 59, 104, 54, 49, 103, 43, 37, 80, 8, 88, 96, 75, 62, 28, 90, 9, 99, 108, 98, 97, 86, 74, 51, 16, 67, 83, 41, 15, 56, 71, 18, 89, 107, 87, 85, 63, 39, 102, 32, 25, 57, 82, 30, 3, 33, 36, 69, 105, 65, 61, 17, 78, 95, 64, 50, 5, 55, 60, 6, 66, 72, 29, 101, 21, 13, 34, 47, 81, 19, 100, 10, 1, 11, 12, 23, 35, 58, 93, 42, 26, 68, 94, 53, 38, 91, 20, 2, 22, 24, 46, 70, 7, 77, 84, 52, 27, 79
\end{description}
\rule{\linewidth}{1pt}
\begin{description}
\item [$k = 2$] : 12997063924, 1299706400, 129970640, 12997064, 1299714, 129979, 13015, 1311, 133, 19, 19
\item [$k = 3$] : 12997063924, 1299706404, 129970652, 12997071, 1299710, 129971, 13000, 1300, 130, 13, 10, 1, 3, 9, 27, 23, 11, 4, 12, 7, 21, 5, 15, 16, 19, 28, 26, 20, 2, 6, 18, 25, 17, 22, 8, 24, 14, 13
\item [$k = 4$] : 12997063924, 1299706408, 129970672, 12997075, 1299727, 130000, 13000, 1300, 130, 13, 13
\item [$k = 6$] : 12997063924, 1299706416, 129970677, 12997109, 1299764, 130000, 13000, 1300, 130, 13, 19, 55, 35, 33, 21, 8, 48, 52, 17, 43, 22, 14, 25, 32, 15, 31, 9, 54, 29, 56, 41, 10, 1, 6, 36, 39, 57, 47, 46, 40, 4, 24, 26, 38, 51, 11, 7, 42, 16, 37, 45, 34, 27, 44, 28, 50, 5, 30, 3, 18, 49, 58, 53, 23, 20, 2, 12, 13
\item [$k = 8$] : 12997063924, 1299706424, 129970674, 12997099, 1299781, 129986, 13046, 1352, 151, 23, 26, 50, 5, 40, 4, 32, 19, 73, 31, 11, 9, 72, 23
\item [$k = 10$] : 12997063924, 1299706432, 129970663, 12997096, 1299769, 130066, 13066, 1366, 196, 79, 97, 79
\end{description}
\rule{\linewidth}{1pt}
\begin{description}
\item [$k = 2$] : 12996672676, 1299667279, 129966745, 12996684, 1299676, 129979, 13015, 1311, 133, 19, 19
\item [$k = 4$] : 12996672676, 1299667291, 129966733, 12996685, 1299688, 130000, 13000, 1300, 130, 13, 13
\item [$k = 6$] : 12996672676, 1299667303, 129966748, 12996722, 1299684, 129992, 13011, 1307, 172, 29, 56, 41, 10, 1, 6, 36, 39, 57, 47, 46, 40, 4, 24, 26, 38, 51, 11, 7, 42, 16, 37, 45, 34, 27, 44, 28, 50, 5, 30, 3, 18, 49, 58, 53, 23, 20, 2, 12, 13, 19, 55, 35, 33, 21, 8, 48, 52, 17, 43, 22, 14, 25, 32, 15, 31, 9, 54, 29
\item [$k = 8$] : 12996672676, 1299667315, 129966771, 12996685, 1299708, 130034, 13035, 1343, 158, 79, 79
\item [$k = 9$] : 12996672676, 1299667321, 129966741, 12996683, 1299695, 130014, 13037, 1366, 190, 19, 82, 26, 56, 59, 86, 62, 24, 38, 75, 52, 23, 29, 83, 35, 48, 76, 61, 15, 46, 58, 77, 70, 7, 63, 33, 30, 3, 27, 65, 51, 14, 37, 66, 60, 6, 54, 41, 13, 28, 74, 43, 31, 12, 19
\item [$k = 10$] : 12996672676, 1299667327, 129966802, 12996700, 1299670, 129967, 13066, 1366, 196, 79, 97, 79
\end{description}
\rule{\linewidth}{1pt}
\begin{description}
\item [$k = 2$] : 12996376276, 1299637639, 129963781, 12996380, 1299638, 129979, 13015, 1311, 133, 19, 19
\item [$k = 3$] : 12996376276, 1299637645, 129963779, 12996404, 1299652, 129971, 13000, 1300, 130, 13, 10, 1, 3, 9, 27, 23, 11, 4, 12, 7, 21, 5, 15, 16, 19, 28, 26, 20, 2, 6, 18, 25, 17, 22, 8, 24, 14, 13
\item [$k = 4$] : 12996376276, 1299637651, 129963769, 12996412, 1299649, 130000, 13000, 1300, 130, 13, 13
\item [$k = 6$] : 12996376276, 1299637663, 129963784, 12996402, 1299652, 129977, 13039, 1357, 177, 59, 59
\item [$k = 9$] : 12996376276, 1299637681, 129963777, 12996440, 1299644, 130000, 13000, 1300, 130, 13, 28, 74, 43, 31, 12, 19, 82, 26, 56, 59, 86, 62, 24, 38, 75, 52, 23, 29, 83, 35, 48, 76, 61, 15, 46, 58, 77, 70, 7, 63, 33, 30, 3, 27, 65, 51, 14, 37, 66, 60, 6, 54, 41, 13
\item [$k = 11$] : 12996376276, 1299637693, 129963802, 12996402, 1299662, 129988, 13086, 1374, 181, 29, 101, 21, 13, 34, 47, 81, 19, 100, 10, 1, 11, 12, 23, 35, 58, 93, 42, 26, 68, 94, 53, 38, 91, 20, 2, 22, 24, 46, 70, 7, 77, 84, 52, 27, 79, 106, 76, 73, 40, 4, 44, 48, 92, 31, 14, 45, 59, 104, 54, 49, 103, 43, 37, 80, 8, 88, 96, 75, 62, 28, 90, 9, 99, 108, 98, 97, 86, 74, 51, 16, 67, 83, 41, 15, 56, 71, 18, 89, 107, 87, 85, 63, 39, 102, 32, 25, 57, 82, 30, 3, 33, 36, 69, 105, 65, 61, 17, 78, 95, 64, 50, 5, 55, 60, 6, 66, 72, 29
\end{description}
\rule{\linewidth}{1pt}
\begin{description}
\item [$k = 2$] : 12996207328, 1299620748, 129962090, 12996209, 1299638, 129979, 13015, 1311, 133, 19, 19
\item [$k = 3$] : 12996207328, 1299620756, 129962093, 12996218, 1299645, 129979, 13024, 1314, 143, 23, 11, 4, 12, 7, 21, 5, 15, 16, 19, 28, 26, 20, 2, 6, 18, 25, 17, 22, 8, 24, 14, 13, 10, 1, 3, 9, 27, 23
\item [$k = 4$] : 12996207328, 1299620764, 129962092, 12996217, 1299649, 130000, 13000, 1300, 130, 13, 13
\item [$k = 6$] : 12996207328, 1299620780, 129962078, 12996255, 1299655, 129995, 13029, 1356, 171, 23, 20, 2, 12, 13, 19, 55, 35, 33, 21, 8, 48, 52, 17, 43, 22, 14, 25, 32, 15, 31, 9, 54, 29, 56, 41, 10, 1, 6, 36, 39, 57, 47, 46, 40, 4, 24, 26, 38, 51, 11, 7, 42, 16, 37, 45, 34, 27, 44, 28, 50, 5, 30, 3, 18, 49, 58, 53, 23
\item [$k = 7$] : 12996207328, 1299620788, 129962134, 12996241, 1299631, 129970, 12997, 1348, 190, 19, 64, 34, 31, 10, 1, 7, 49, 67, 55, 40, 4, 28, 58, 61, 13, 22, 16, 43, 25, 37, 52, 19
\item [$k = 9$] : 12996207328, 1299620804, 129962116, 12996265, 1299671, 129976, 13051, 1314, 167, 79, 88, 80, 8, 72, 25, 47, 67, 69, 87, 71, 16, 55, 50, 5, 45, 49, 85, 53, 32, 21, 11, 10, 1, 9, 81, 17, 64, 42, 22, 20, 2, 18, 73, 34, 39, 84, 44, 40, 4, 36, 57, 68, 78, 79
\end{description}
\rule{\linewidth}{1pt}
\begin{description}
\item [$k = 3$] : 12995637304, 1299563742, 129956380, 12995638, 1299587, 129979, 13024, 1314, 143, 23, 11, 4, 12, 7, 21, 5, 15, 16, 19, 28, 26, 20, 2, 6, 18, 25, 17, 22, 8, 24, 14, 13, 10, 1, 3, 9, 27, 23
\item [$k = 4$] : 12995637304, 1299563746, 129956398, 12995671, 1299571, 129961, 13000, 1300, 130, 13, 13
\item [$k = 6$] : 12995637304, 1299563754, 129956399, 12995693, 1299587, 130000, 13000, 1300, 130, 13, 19, 55, 35, 33, 21, 8, 48, 52, 17, 43, 22, 14, 25, 32, 15, 31, 9, 54, 29, 56, 41, 10, 1, 6, 36, 39, 57, 47, 46, 40, 4, 24, 26, 38, 51, 11, 7, 42, 16, 37, 45, 34, 27, 44, 28, 50, 5, 30, 3, 18, 49, 58, 53, 23, 20, 2, 12, 13
\item [$k = 8$] : 12995637304, 1299563762, 129956392, 12995655, 1299605, 130000, 13000, 1300, 130, 13, 25, 42, 20, 2, 16, 49, 76, 55, 45, 44, 36, 51, 13
\item [$k = 9$] : 12995637304, 1299563766, 129956430, 12995643, 1299591, 129968, 13068, 1378, 209, 101, 19, 82, 26, 56, 59, 86, 62, 24, 38, 75, 52, 23, 29, 83, 35, 48, 76, 61, 15, 46, 58, 77, 70, 7, 63, 33, 30, 3, 27, 65, 51, 14, 37, 66, 60, 6, 54, 41, 13, 28, 74, 43, 31, 12, 19
\item [$k = 11$] : 12995637304, 1299563774, 129956421, 12995653, 1299598, 130047, 13081, 1319, 230, 23, 35, 58, 93, 42, 26, 68, 94, 53, 38, 91, 20, 2, 22, 24, 46, 70, 7, 77, 84, 52, 27, 79, 106, 76, 73, 40, 4, 44, 48, 92, 31, 14, 45, 59, 104, 54, 49, 103, 43, 37, 80, 8, 88, 96, 75, 62, 28, 90, 9, 99, 108, 98, 97, 86, 74, 51, 16, 67, 83, 41, 15, 56, 71, 18, 89, 107, 87, 85, 63, 39, 102, 32, 25, 57, 82, 30, 3, 33, 36, 69, 105, 65, 61, 17, 78, 95, 64, 50, 5, 55, 60, 6, 66, 72, 29, 101, 21, 13, 34, 47, 81, 19, 100, 10, 1, 11, 12, 23
\end{description}
\rule{\linewidth}{1pt}
\begin{description}
\item [$k = 2$] : 12993609616, 1299360973, 129936103, 12993616, 1299373, 129943, 13000, 1300, 130, 13, 7, 14, 9, 18, 17, 15, 11, 3, 6, 12, 5, 10, 1, 2, 4, 8, 16, 13
\item [$k = 3$] : 12993609616, 1299360979, 129936124, 12993624, 1299374, 129949, 13021, 1305, 145, 29, 29
\item [$k = 4$] : 12993609616, 1299360985, 129936118, 12993643, 1299376, 129961, 13000, 1300, 130, 13, 13
\item [$k = 7$] : 12993609616, 1299361003, 129936121, 12993619, 1299424, 129970, 12997, 1348, 190, 19, 64, 34, 31, 10, 1, 7, 49, 67, 55, 40, 4, 28, 58, 61, 13, 22, 16, 43, 25, 37, 52, 19
\item [$k = 10$] : 12993609616, 1299361021, 129936112, 12993631, 1299373, 129967, 13066, 1366, 196, 79, 97, 79
\item [$k = 11$] : 12993609616, 1299361027, 129936179, 12993716, 1299437, 130020, 13002, 1322, 154, 59, 104, 54, 49, 103, 43, 37, 80, 8, 88, 96, 75, 62, 28, 90, 9, 99, 108, 98, 97, 86, 74, 51, 16, 67, 83, 41, 15, 56, 71, 18, 89, 107, 87, 85, 63, 39, 102, 32, 25, 57, 82, 30, 3, 33, 36, 69, 105, 65, 61, 17, 78, 95, 64, 50, 5, 55, 60, 6, 66, 72, 29, 101, 21, 13, 34, 47, 81, 19, 100, 10, 1, 11, 12, 23, 35, 58, 93, 42, 26, 68, 94, 53, 38, 91, 20, 2, 22, 24, 46, 70, 7, 77, 84, 52, 27, 79, 106, 76, 73, 40, 4, 44, 48, 92, 31, 14, 45, 59
\end{description}
\rule{\linewidth}{1pt}
\begin{description}
\item [$k = 2$] : 12993284824, 1299328490, 129932849, 12993302, 1299334, 129941, 12996, 1311, 133, 19, 19
\item [$k = 3$] : 12993284824, 1299328494, 129932861, 12993289, 1299355, 129950, 12995, 1314, 143, 23, 11, 4, 12, 7, 21, 5, 15, 16, 19, 28, 26, 20, 2, 6, 18, 25, 17, 22, 8, 24, 14, 13, 10, 1, 3, 9, 27, 23
\item [$k = 4$] : 12993284824, 1299328498, 129932881, 12993292, 1299337, 129961, 13000, 1300, 130, 13, 13
\item [$k = 6$] : 12993284824, 1299328506, 129932886, 12993324, 1299356, 129971, 13003, 1318, 179, 71, 13, 19, 55, 35, 33, 21, 8, 48, 52, 17, 43, 22, 14, 25, 32, 15, 31, 9, 54, 29, 56, 41, 10, 1, 6, 36, 39, 57, 47, 46, 40, 4, 24, 26, 38, 51, 11, 7, 42, 16, 37, 45, 34, 27, 44, 28, 50, 5, 30, 3, 18, 49, 58, 53, 23, 20, 2, 12, 13
\item [$k = 9$] : 12993284824, 1299328518, 129932923, 12993319, 1299412, 129959, 13076, 1361, 145, 59, 86, 62, 24, 38, 75, 52, 23, 29, 83, 35, 48, 76, 61, 15, 46, 58, 77, 70, 7, 63, 33, 30, 3, 27, 65, 51, 14, 37, 66, 60, 6, 54, 41, 13, 28, 74, 43, 31, 12, 19, 82, 26, 56, 59
\item [$k = 11$] : 12993284824, 1299328526, 129932918, 12993379, 1299436, 130009, 13099, 1408, 228, 110, 11, 12, 23, 35, 58, 93, 42, 26, 68, 94, 53, 38, 91, 20, 2, 22, 24, 46, 70, 7, 77, 84, 52, 27, 79, 106, 76, 73, 40, 4, 44, 48, 92, 31, 14, 45, 59, 104, 54, 49, 103, 43, 37, 80, 8, 88, 96, 75, 62, 28, 90, 9, 99, 108, 98, 97, 86, 74, 51, 16, 67, 83, 41, 15, 56, 71, 18, 89, 107, 87, 85, 63, 39, 102, 32, 25, 57, 82, 30, 3, 33, 36, 69, 105, 65, 61, 17, 78, 95, 64, 50, 5, 55, 60, 6, 66, 72, 29, 101, 21, 13, 34, 47, 81, 19, 100, 10, 1, 11
\end{description}
\rule{\linewidth}{1pt}
\begin{description}
\item [$k = 3$] : 12993240208, 1299324044, 129932416, 12993259, 1299352, 129941, 12997, 1320, 132, 19, 28, 26, 20, 2, 6, 18, 25, 17, 22, 8, 24, 14, 13, 10, 1, 3, 9, 27, 23, 11, 4, 12, 7, 21, 5, 15, 16, 19
\item [$k = 4$] : 12993240208, 1299324052, 129932413, 12993253, 1299337, 129961, 13000, 1300, 130, 13, 13
\item [$k = 6$] : 12993240208, 1299324068, 129932454, 12993269, 1299380, 129938, 13041, 1310, 131, 19, 55, 35, 33, 21, 8, 48, 52, 17, 43, 22, 14, 25, 32, 15, 31, 9, 54, 29, 56, 41, 10, 1, 6, 36, 39, 57, 47, 46, 40, 4, 24, 26, 38, 51, 11, 7, 42, 16, 37, 45, 34, 27, 44, 28, 50, 5, 30, 3, 18, 49, 58, 53, 23, 20, 2, 12, 13, 19
\item [$k = 7$] : 12993240208, 1299324076, 129932449, 12993307, 1299379, 130000, 13000, 1300, 130, 13, 22, 16, 43, 25, 37, 52, 19, 64, 34, 31, 10, 1, 7, 49, 67, 55, 40, 4, 28, 58, 61, 13
\item [$k = 8$] : 12993240208, 1299324084, 129932440, 12993244, 1299356, 129983, 13022, 1318, 195, 59, 77, 63, 30, 3, 24, 34, 35, 43, 28, 66, 54, 37, 59
\item [$k = 11$] : 12993240208, 1299324108, 129932498, 12993337, 1299410, 129941, 13005, 1355, 190, 19, 100, 10, 1, 11, 12, 23, 35, 58, 93, 42, 26, 68, 94, 53, 38, 91, 20, 2, 22, 24, 46, 70, 7, 77, 84, 52, 27, 79, 106, 76, 73, 40, 4, 44, 48, 92, 31, 14, 45, 59, 104, 54, 49, 103, 43, 37, 80, 8, 88, 96, 75, 62, 28, 90, 9, 99, 108, 98, 97, 86, 74, 51, 16, 67, 83, 41, 15, 56, 71, 18, 89, 107, 87, 85, 63, 39, 102, 32, 25, 57, 82, 30, 3, 33, 36, 69, 105, 65, 61, 17, 78, 95, 64, 50, 5, 55, 60, 6, 66, 72, 29, 101, 21, 13, 34, 47, 81, 19
\end{description}
\rule{\linewidth}{1pt}
\begin{description}
\item [$k = 2$] : 12992830084, 1299283016, 129928313, 12992837, 1299297, 129943, 13000, 1300, 130, 13, 7, 14, 9, 18, 17, 15, 11, 3, 6, 12, 5, 10, 1, 2, 4, 8, 16, 13
\item [$k = 4$] : 12992830084, 1299283024, 129928318, 12992863, 1299298, 129961, 13000, 1300, 130, 13, 13
\item [$k = 6$] : 12992830084, 1299283032, 129928315, 12992861, 1299292, 129941, 13000, 1300, 130, 13, 19, 55, 35, 33, 21, 8, 48, 52, 17, 43, 22, 14, 25, 32, 15, 31, 9, 54, 29, 56, 41, 10, 1, 6, 36, 39, 57, 47, 46, 40, 4, 24, 26, 38, 51, 11, 7, 42, 16, 37, 45, 34, 27, 44, 28, 50, 5, 30, 3, 18, 49, 58, 53, 23, 20, 2, 12, 13
\item [$k = 8$] : 12992830084, 1299283040, 129928304, 12992862, 1299302, 129946, 13042, 1320, 132, 29, 74, 39, 75, 47, 60, 6, 48, 68, 70, 7, 56, 53, 29
\item [$k = 10$] : 12992830084, 1299283048, 129928384, 12992878, 1299367, 130006, 13060, 1306, 190, 19, 91, 19
\item [$k = 11$] : 12992830084, 1299283052, 129928327, 12992909, 1299389, 130037, 13080, 1308, 218, 109, 109
\end{description}
\rule{\linewidth}{1pt}
\begin{description}
\item [$k = 2$] : 12992587036, 1299258715, 129925881, 12992590, 1299259, 129943, 13000, 1300, 130, 13, 7, 14, 9, 18, 17, 15, 11, 3, 6, 12, 5, 10, 1, 2, 4, 8, 16, 13
\item [$k = 4$] : 12992587036, 1299258727, 129925900, 12992590, 1299259, 129961, 13000, 1300, 130, 13, 13
\item [$k = 7$] : 12992587036, 1299258745, 129925909, 12992653, 1299286, 129970, 12997, 1348, 190, 19, 64, 34, 31, 10, 1, 7, 49, 67, 55, 40, 4, 28, 58, 61, 13, 22, 16, 43, 25, 37, 52, 19
\item [$k = 8$] : 12992587036, 1299258751, 129925883, 12992612, 1299277, 129983, 13022, 1318, 195, 59, 77, 63, 30, 3, 24, 34, 35, 43, 28, 66, 54, 37, 59
\item [$k = 9$] : 12992587036, 1299258757, 129925938, 12992665, 1299311, 129940, 12994, 1335, 178, 89, 89
\item [$k = 11$] : 12992587036, 1299258769, 129925975, 12992652, 1299287, 130005, 13055, 1360, 136, 79, 106, 76, 73, 40, 4, 44, 48, 92, 31, 14, 45, 59, 104, 54, 49, 103, 43, 37, 80, 8, 88, 96, 75, 62, 28, 90, 9, 99, 108, 98, 97, 86, 74, 51, 16, 67, 83, 41, 15, 56, 71, 18, 89, 107, 87, 85, 63, 39, 102, 32, 25, 57, 82, 30, 3, 33, 36, 69, 105, 65, 61, 17, 78, 95, 64, 50, 5, 55, 60, 6, 66, 72, 29, 101, 21, 13, 34, 47, 81, 19, 100, 10, 1, 11, 12, 23, 35, 58, 93, 42, 26, 68, 94, 53, 38, 91, 20, 2, 22, 24, 46, 70, 7, 77, 84, 52, 27, 79
\end{description}
\rule{\linewidth}{1pt}
\begin{description}
\item [$k = 2$] : 12992457868, 1299245802, 129924584, 12992466, 1299258, 129941, 12996, 1311, 133, 19, 19
\item [$k = 4$] : 12992457868, 1299245818, 129924613, 12992473, 1299259, 129961, 13000, 1300, 130, 13, 13
\item [$k = 6$] : 12992457868, 1299245834, 129924607, 12992502, 1299262, 129938, 13041, 1310, 131, 19, 55, 35, 33, 21, 8, 48, 52, 17, 43, 22, 14, 25, 32, 15, 31, 9, 54, 29, 56, 41, 10, 1, 6, 36, 39, 57, 47, 46, 40, 4, 24, 26, 38, 51, 11, 7, 42, 16, 37, 45, 34, 27, 44, 28, 50, 5, 30, 3, 18, 49, 58, 53, 23, 20, 2, 12, 13, 19
\item [$k = 7$] : 12992457868, 1299245842, 129924598, 12992515, 1299286, 129970, 12997, 1348, 190, 19, 64, 34, 31, 10, 1, 7, 49, 67, 55, 40, 4, 28, 58, 61, 13, 22, 16, 43, 25, 37, 52, 19
\item [$k = 8$] : 12992457868, 1299245850, 129924585, 12992498, 1299313, 129955, 13035, 1343, 158, 79, 79
\item [$k = 9$] : 12992457868, 1299245858, 129924657, 12992528, 1299324, 129968, 13068, 1378, 209, 101, 19, 82, 26, 56, 59, 86, 62, 24, 38, 75, 52, 23, 29, 83, 35, 48, 76, 61, 15, 46, 58, 77, 70, 7, 63, 33, 30, 3, 27, 65, 51, 14, 37, 66, 60, 6, 54, 41, 13, 28, 74, 43, 31, 12, 19
\end{description}
\rule{\linewidth}{1pt}
\begin{description}
\item [$k = 2$] : 12991896424, 1299189650, 129918965, 12991906, 1299202, 129924, 13000, 1300, 130, 13, 7, 14, 9, 18, 17, 15, 11, 3, 6, 12, 5, 10, 1, 2, 4, 8, 16, 13
\item [$k = 4$] : 12991896424, 1299189658, 129918997, 12991927, 1299220, 129922, 13000, 1300, 130, 13, 13
\item [$k = 6$] : 12991896424, 1299189666, 129919002, 12991912, 1299203, 129938, 13041, 1310, 131, 19, 55, 35, 33, 21, 8, 48, 52, 17, 43, 22, 14, 25, 32, 15, 31, 9, 54, 29, 56, 41, 10, 1, 6, 36, 39, 57, 47, 46, 40, 4, 24, 26, 38, 51, 11, 7, 42, 16, 37, 45, 34, 27, 44, 28, 50, 5, 30, 3, 18, 49, 58, 53, 23, 20, 2, 12, 13, 19
\item [$k = 8$] : 12991896424, 1299189674, 129918999, 12991971, 1299205, 129960, 12996, 1347, 190, 19, 73, 31, 11, 9, 72, 23, 26, 50, 5, 40, 4, 32, 19
\item [$k = 9$] : 12991896424, 1299189678, 129919039, 12991984, 1299234, 129959, 13076, 1361, 145, 59, 86, 62, 24, 38, 75, 52, 23, 29, 83, 35, 48, 76, 61, 15, 46, 58, 77, 70, 7, 63, 33, 30, 3, 27, 65, 51, 14, 37, 66, 60, 6, 54, 41, 13, 28, 74, 43, 31, 12, 19, 82, 26, 56, 59
\item [$k = 11$] : 12991896424, 1299189686, 129919034, 12991947, 1299271, 129938, 13081, 1319, 230, 23, 35, 58, 93, 42, 26, 68, 94, 53, 38, 91, 20, 2, 22, 24, 46, 70, 7, 77, 84, 52, 27, 79, 106, 76, 73, 40, 4, 44, 48, 92, 31, 14, 45, 59, 104, 54, 49, 103, 43, 37, 80, 8, 88, 96, 75, 62, 28, 90, 9, 99, 108, 98, 97, 86, 74, 51, 16, 67, 83, 41, 15, 56, 71, 18, 89, 107, 87, 85, 63, 39, 102, 32, 25, 57, 82, 30, 3, 33, 36, 69, 105, 65, 61, 17, 78, 95, 64, 50, 5, 55, 60, 6, 66, 72, 29, 101, 21, 13, 34, 47, 81, 19, 100, 10, 1, 11, 12, 23
\end{description}
\rule{\linewidth}{1pt}
\begin{description}
\item [$k = 2$] : 12991751188, 1299175134, 129917521, 12991754, 1299183, 129924, 13000, 1300, 130, 13, 7, 14, 9, 18, 17, 15, 11, 3, 6, 12, 5, 10, 1, 2, 4, 8, 16, 13
\item [$k = 3$] : 12991751188, 1299175142, 129917520, 12991752, 1299181, 129921, 12995, 1314, 143, 23, 11, 4, 12, 7, 21, 5, 15, 16, 19, 28, 26, 20, 2, 6, 18, 25, 17, 22, 8, 24, 14, 13, 10, 1, 3, 9, 27, 23
\item [$k = 4$] : 12991751188, 1299175150, 129917515, 12991771, 1299181, 129922, 13000, 1300, 130, 13, 13
\item [$k = 7$] : 12991751188, 1299175174, 129917545, 12991789, 1299241, 129931, 13000, 1300, 130, 13, 22, 16, 43, 25, 37, 52, 19, 64, 34, 31, 10, 1, 7, 49, 67, 55, 40, 4, 28, 58, 61, 13
\item [$k = 10$] : 12991751188, 1299175198, 129917599, 12991849, 1299274, 129967, 13066, 1366, 196, 79, 97, 79
\item [$k = 11$] : 12991751188, 1299175206, 129917586, 12991824, 1299226, 129988, 13086, 1374, 181, 29, 101, 21, 13, 34, 47, 81, 19, 100, 10, 1, 11, 12, 23, 35, 58, 93, 42, 26, 68, 94, 53, 38, 91, 20, 2, 22, 24, 46, 70, 7, 77, 84, 52, 27, 79, 106, 76, 73, 40, 4, 44, 48, 92, 31, 14, 45, 59, 104, 54, 49, 103, 43, 37, 80, 8, 88, 96, 75, 62, 28, 90, 9, 99, 108, 98, 97, 86, 74, 51, 16, 67, 83, 41, 15, 56, 71, 18, 89, 107, 87, 85, 63, 39, 102, 32, 25, 57, 82, 30, 3, 33, 36, 69, 105, 65, 61, 17, 78, 95, 64, 50, 5, 55, 60, 6, 66, 72, 29
\end{description}
\rule{\linewidth}{1pt}
\begin{description}
\item [$k = 3$] : 12991021888, 1299102212, 129910227, 12991043, 1299113, 129920, 12992, 1305, 145, 29, 29
\item [$k = 4$] : 12991021888, 1299102220, 129910222, 12991030, 1299103, 129922, 13000, 1300, 130, 13, 13
\item [$k = 8$] : 12991021888, 1299102252, 129910241, 12991032, 1299119, 129983, 13022, 1318, 195, 59, 77, 63, 30, 3, 24, 34, 35, 43, 28, 66, 54, 37, 59
\item [$k = 9$] : 12991021888, 1299102260, 129910226, 12991076, 1299161, 129925, 13037, 1366, 190, 19, 82, 26, 56, 59, 86, 62, 24, 38, 75, 52, 23, 29, 83, 35, 48, 76, 61, 15, 46, 58, 77, 70, 7, 63, 33, 30, 3, 27, 65, 51, 14, 37, 66, 60, 6, 54, 41, 13, 28, 74, 43, 31, 12, 19
\item [$k = 10$] : 12991021888, 1299102268, 129910306, 12991090, 1299109, 130000, 13000, 1300, 130, 13, 31, 13
\item [$k = 11$] : 12991021888, 1299102276, 129910293, 12991062, 1299128, 130000, 13000, 1300, 130, 13, 34, 47, 81, 19, 100, 10, 1, 11, 12, 23, 35, 58, 93, 42, 26, 68, 94, 53, 38, 91, 20, 2, 22, 24, 46, 70, 7, 77, 84, 52, 27, 79, 106, 76, 73, 40, 4, 44, 48, 92, 31, 14, 45, 59, 104, 54, 49, 103, 43, 37, 80, 8, 88, 96, 75, 62, 28, 90, 9, 99, 108, 98, 97, 86, 74, 51, 16, 67, 83, 41, 15, 56, 71, 18, 89, 107, 87, 85, 63, 39, 102, 32, 25, 57, 82, 30, 3, 33, 36, 69, 105, 65, 61, 17, 78, 95, 64, 50, 5, 55, 60, 6, 66, 72, 29, 101, 21, 13
\end{description}
\rule{\linewidth}{1pt}
\begin{description}
\item [$k = 3$] : 12990893188, 1299089342, 129908940, 12990894, 1299101, 129913, 13000, 1300, 130, 13, 10, 1, 3, 9, 27, 23, 11, 4, 12, 7, 21, 5, 15, 16, 19, 28, 26, 20, 2, 6, 18, 25, 17, 22, 8, 24, 14, 13
\item [$k = 4$] : 12990893188, 1299089350, 129908935, 12990913, 1299103, 129922, 13000, 1300, 130, 13, 13
\item [$k = 6$] : 12990893188, 1299089366, 129908972, 12990909, 1299144, 129938, 13041, 1310, 131, 19, 55, 35, 33, 21, 8, 48, 52, 17, 43, 22, 14, 25, 32, 15, 31, 9, 54, 29, 56, 41, 10, 1, 6, 36, 39, 57, 47, 46, 40, 4, 24, 26, 38, 51, 11, 7, 42, 16, 37, 45, 34, 27, 44, 28, 50, 5, 30, 3, 18, 49, 58, 53, 23, 20, 2, 12, 13, 19
\item [$k = 9$] : 12990893188, 1299089390, 129908939, 12990974, 1299133, 129940, 12994, 1335, 178, 89, 89
\item [$k = 10$] : 12990893188, 1299089398, 129909019, 12990991, 1299109, 130000, 13000, 1300, 130, 13, 31, 13
\item [$k = 11$] : 12990893188, 1299089406, 129909006, 12990966, 1299162, 129938, 13081, 1319, 230, 23, 35, 58, 93, 42, 26, 68, 94, 53, 38, 91, 20, 2, 22, 24, 46, 70, 7, 77, 84, 52, 27, 79, 106, 76, 73, 40, 4, 44, 48, 92, 31, 14, 45, 59, 104, 54, 49, 103, 43, 37, 80, 8, 88, 96, 75, 62, 28, 90, 9, 99, 108, 98, 97, 86, 74, 51, 16, 67, 83, 41, 15, 56, 71, 18, 89, 107, 87, 85, 63, 39, 102, 32, 25, 57, 82, 30, 3, 33, 36, 69, 105, 65, 61, 17, 78, 95, 64, 50, 5, 55, 60, 6, 66, 72, 29, 101, 21, 13, 34, 47, 81, 19, 100, 10, 1, 11, 12, 23
\end{description}
\rule{\linewidth}{1pt}
\begin{description}
\item [$k = 2$] : 12990864952, 1299086499, 129908667, 12990880, 1299088, 129924, 13000, 1300, 130, 13, 7, 14, 9, 18, 17, 15, 11, 3, 6, 12, 5, 10, 1, 2, 4, 8, 16, 13
\item [$k = 4$] : 12990864952, 1299086503, 129908662, 12990874, 1299103, 129922, 13000, 1300, 130, 13, 13
\item [$k = 6$] : 12990864952, 1299086507, 129908692, 12990881, 1299094, 129933, 13011, 1307, 172, 29, 56, 41, 10, 1, 6, 36, 39, 57, 47, 46, 40, 4, 24, 26, 38, 51, 11, 7, 42, 16, 37, 45, 34, 27, 44, 28, 50, 5, 30, 3, 18, 49, 58, 53, 23, 20, 2, 12, 13, 19, 55, 35, 33, 21, 8, 48, 52, 17, 43, 22, 14, 25, 32, 15, 31, 9, 54, 29
\item [$k = 7$] : 12990864952, 1299086509, 129908713, 12990892, 1299103, 129931, 13000, 1300, 130, 13, 22, 16, 43, 25, 37, 52, 19, 64, 34, 31, 10, 1, 7, 49, 67, 55, 40, 4, 28, 58, 61, 13
\item [$k = 8$] : 12990864952, 1299086511, 129908659, 12990937, 1299149, 129986, 13046, 1352, 151, 23, 26, 50, 5, 40, 4, 32, 19, 73, 31, 11, 9, 72, 23
\item [$k = 11$] : 12990864952, 1299086517, 129908728, 12990960, 1299096, 129975, 13052, 1327, 209, 119, 110, 11, 12, 23, 35, 58, 93, 42, 26, 68, 94, 53, 38, 91, 20, 2, 22, 24, 46, 70, 7, 77, 84, 52, 27, 79, 106, 76, 73, 40, 4, 44, 48, 92, 31, 14, 45, 59, 104, 54, 49, 103, 43, 37, 80, 8, 88, 96, 75, 62, 28, 90, 9, 99, 108, 98, 97, 86, 74, 51, 16, 67, 83, 41, 15, 56, 71, 18, 89, 107, 87, 85, 63, 39, 102, 32, 25, 57, 82, 30, 3, 33, 36, 69, 105, 65, 61, 17, 78, 95, 64, 50, 5, 55, 60, 6, 66, 72, 29, 101, 21, 13, 34, 47, 81, 19, 100, 10, 1, 11
\end{description}
\rule{\linewidth}{1pt}
\begin{description}
\item [$k = 2$] : 12990836560, 1299083656, 129908377, 12990851, 1299087, 129922, 12996, 1311, 133, 19, 19
\item [$k = 4$] : 12990836560, 1299083656, 129908389, 12990874, 1299103, 129922, 13000, 1300, 130, 13, 13
\item [$k = 6$] : 12990836560, 1299083656, 129908401, 12990846, 1299120, 129912, 13003, 1318, 179, 71, 13, 19, 55, 35, 33, 21, 8, 48, 52, 17, 43, 22, 14, 25, 32, 15, 31, 9, 54, 29, 56, 41, 10, 1, 6, 36, 39, 57, 47, 46, 40, 4, 24, 26, 38, 51, 11, 7, 42, 16, 37, 45, 34, 27, 44, 28, 50, 5, 30, 3, 18, 49, 58, 53, 23, 20, 2, 12, 13
\item [$k = 8$] : 12990836560, 1299083656, 129908413, 12990865, 1299126, 129960, 12996, 1347, 190, 19, 73, 31, 11, 9, 72, 23, 26, 50, 5, 40, 4, 32, 19
\item [$k = 9$] : 12990836560, 1299083656, 129908419, 12990922, 1299110, 129911, 13000, 1300, 130, 13, 28, 74, 43, 31, 12, 19, 82, 26, 56, 59, 86, 62, 24, 38, 75, 52, 23, 29, 83, 35, 48, 76, 61, 15, 46, 58, 77, 70, 7, 63, 33, 30, 3, 27, 65, 51, 14, 37, 66, 60, 6, 54, 41, 13
\item [$k = 10$] : 12990836560, 1299083656, 129908425, 12990892, 1299109, 130000, 13000, 1300, 130, 13, 31, 13
\end{description}
\rule{\linewidth}{1pt}
\begin{description}
\item [$k = 2$] : 12989730988, 1298973114, 129897319, 12989749, 1298992, 129903, 12996, 1311, 133, 19, 19
\item [$k = 4$] : 12989730988, 1298973130, 129897313, 12989743, 1298986, 129922, 13000, 1300, 130, 13, 13
\item [$k = 6$] : 12989730988, 1298973146, 129897350, 12989735, 1299003, 129918, 13039, 1357, 177, 59, 59
\item [$k = 7$] : 12989730988, 1298973154, 129897343, 12989755, 1299010, 129901, 12997, 1348, 190, 19, 64, 34, 31, 10, 1, 7, 49, 67, 55, 40, 4, 28, 58, 61, 13, 22, 16, 43, 25, 37, 52, 19
\item [$k = 10$] : 12989730988, 1298973178, 129897397, 12989809, 1299070, 129907, 13060, 1306, 190, 19, 91, 19
\item [$k = 11$] : 12989730988, 1298973186, 129897384, 12989782, 1299000, 129900, 12990, 1299, 228, 110, 11, 12, 23, 35, 58, 93, 42, 26, 68, 94, 53, 38, 91, 20, 2, 22, 24, 46, 70, 7, 77, 84, 52, 27, 79, 106, 76, 73, 40, 4, 44, 48, 92, 31, 14, 45, 59, 104, 54, 49, 103, 43, 37, 80, 8, 88, 96, 75, 62, 28, 90, 9, 99, 108, 98, 97, 86, 74, 51, 16, 67, 83, 41, 15, 56, 71, 18, 89, 107, 87, 85, 63, 39, 102, 32, 25, 57, 82, 30, 3, 33, 36, 69, 105, 65, 61, 17, 78, 95, 64, 50, 5, 55, 60, 6, 66, 72, 29, 101, 21, 13, 34, 47, 81, 19, 100, 10, 1, 11
\end{description}
