# size: 10
## 13^2 1,2,3,5,4,9,6,10,7,8
## 13^2 1,2,3,7,4,6,5,10,8,9
{{square [3,5,1,2, 0,0,3,7, 0,7,4,6, 3,0,10,5, 4,5,9,8]}}
## 13^2 1,2,3,7,4,9,5,6,8,10
## 13^2 1,2,3,8,4,5,6,10,7,9
{{square [3,5,1,2, 0,5,3,8, 0,0,4,5, 3,7,10,6, 4,0,9,7]}}
## 13^2 1,3,2,5,4,8,6,9,7,10
## 13^2 1,3,2,7,4,5,6,10,8,9
## 13^2 1,3,2,7,4,8,5,6,9,10
## 12^2 1,3,2,9,4,10,5,7,6,8
## 12^2 1,3,2,10,4,7,5,9,6,8
## 12^2 1,3,2,10,4,8,5,7,6,9
## 13^2 1,4,2,5,3,7,6,9,8,10
## 13^2 1,5,2,3,4,9,6,7,8,10
## 13^2 1,5,2,4,3,8,6,7,9,10
## 12^2 1,5,2,6,3,8,4,10,7,9
## 13^2 1,5,2,7,3,4,6,8,9,10
## 13^2 1,6,2,3,4,8,5,7,9,10
## 11^2 1,6,2,9,3,10,4,8,5,7
## 11^2 1,6,2,10,3,8,4,9,5,7
## 11^2 1,6,2,10,3,9,4,7,5,8
{{square [0,0,1,6, 1,0,10,2, 8,2,3,9, 1,2,7,4, 0,6,8,5]}}
## 12^2 1,7,2,4,3,8,5,9,6,10
## 12^2 1,7,2,9,3,5,4,6,8,10
## 11^2 1,7,2,10,3,6,4,9,5,8
## 11^2 1,8,2,6,3,10,4,9,5,7
## 11^2 1,8,2,7,3,10,4,6,5,9
## 11^2 1,8,2,9,3,7,4,6,5,10
## 11^2 1,8,2,10,3,5,4,9,6,7
## 12^2 1,9,2,5,3,7,4,6,8,10
## 12^2 1,9,2,6,3,5,4,7,8,10
## 11^2 1,9,2,7,3,6,4,10,5,8
## 11^2 1,9,2,7,3,8,4,6,5,10
## 11^2 1,9,2,7,3,10,4,5,6,8
## 11^2 1,9,2,8,3,6,4,7,5,10
{{square [0,0,1,9, 0,9,8,2, 8,5,3,6, 1,5,7,4, 1,0,10,5]}}
## 12^2 1,10,2,4,3,5,6,8,7,9
## 11^2 1,10,2,5,3,9,4,8,6,7
## 11^2 1,10,2,8,3,7,4,5,6,9
# size: 12
## 17^2 1,2,3,4,5,9,6,11,7,12,8,10
## 17^2 1,2,3,4,5,9,6,12,7,10,8,11
## 17^2 1,2,3,4,5,10,6,11,7,9,8,12
## 17^2 1,2,3,4,5,11,6,9,7,10,8,12
## 17^2 1,2,3,4,5,12,6,8,7,11,9,10
## 17^2 1,2,3,4,5,12,6,10,7,8,9,11
## 17^2 1,2,3,5,4,8,6,11,7,12,9,10
## 17^2 1,2,3,5,4,11,6,7,8,12,9,10
## 17^2 1,2,3,5,4,12,6,7,8,9,10,11
## 17^2 1,2,3,6,4,7,5,11,8,12,9,10
## 17^2 1,2,3,7,4,6,5,12,8,9,10,11
## 17^2 1,2,3,7,4,9,5,10,6,8,11,12
## 17^2 1,2,3,7,4,10,5,6,8,11,9,12
## 17^2 1,2,3,7,4,10,5,8,6,9,11,12
## 17^2 1,2,3,7,4,11,5,6,8,9,10,12
## 17^2 1,2,3,8,4,5,6,10,7,12,9,11
## 17^2 1,2,3,8,4,6,5,9,7,12,10,11
## 17^2 1,2,3,8,4,9,5,6,7,11,10,12
